0.000000000000000000e+00
2.559104658206744487e-01
5.149240403158621415e-01
7.760195217545203805e-01
1.039001833467415148e+00
1.303790536325119875e+00
1.570334678032173414e+00
1.838595869167194641e+00
2.108540315987559755e+00
2.380136427083648698e+00
2.653353860382962726e+00
2.928160826741101452e+00
3.204524505223505404e+00
3.482411315198801205e+00
3.761787268514816152e+00
4.042617660025639381e+00
4.324866835857697822e+00
4.608497800687278989e+00
4.893470502005881961e+00
5.179743807009771217e+00
5.467275197441564316e+00
5.756020849530810501e+00
6.045937022238919489e+00
6.336976022371177741e+00
6.629089365533586964e+00
6.922228950046465989e+00
7.216345329277459975e+00
7.511389615612274362e+00
7.807312595964111424e+00
8.104063432549477142e+00
8.401588074938800332e+00
8.699831849798041361e+00
8.998743075790743617e+00
9.298268615716729357e+00
9.598349344673051675e+00
9.898917678103062556e+00
1.019989449592677921e+01
1.050119127483492676e+01
1.080271108313407247e+01
1.110434898511747015e+01
1.140599633260565504e+01
1.170754401190640159e+01
1.200888437843964596e+01
1.230991628008599470e+01
1.261053171974808151e+01
1.291060694550461108e+01
1.321001083202491877e+01
1.350861409102634703e+01
1.380630667111583243e+01
1.410299260267763977e+01
1.439858246872544889e+01
1.469300460047580614e+01
1.498621804156575621e+01
1.527820393354437734e+01
1.556894394436809570e+01
1.585840465630463747e+01
1.614653075120735792e+01
1.643326089240642673e+01
1.671854603309762766e+01
1.700274753036021380e+01
1.728664529768924751e+01
1.757081110721220085e+01
1.785530838184613955e+01
1.814034382259839617e+01
1.842635273372363258e+01
1.871353116132425498e+01
1.900207997617634348e+01
1.929223387513791366e+01
1.958425204493883953e+01
1.987837807908593746e+01
2.017484308938146853e+01
2.047385299970229866e+01
2.077558335771504261e+01
2.108018407797782956e+01
2.138776871217646303e+01
2.169839992209635682e+01
2.201210493333543639e+01
2.232889339419437391e+01
2.264874552295206200e+01
2.297163680256046092e+01
2.329755112088807323e+01
2.362644478492943634e+01
2.395825309065098452e+01
2.429289821440266550e+01
2.463030896060420716e+01
2.497043214986516801e+01
2.531321034353461386e+01
2.565858668874036752e+01
2.600651384081997008e+01
2.635696708429545509e+01
2.670991907213734606e+01
2.706534407344869209e+01
2.742323811898829433e+01
2.778361316486380872e+01
2.814646731721234119e+01
2.851180179375387880e+01
2.887964588008033218e+01
2.925002003621149527e+01
2.962293499711658029e+01
2.999841251872295445e+01
3.037649015850848500e+01
3.075719255897774218e+01
3.114053781967431433e+01
3.152657908669995734e+01
3.191537281908967572e+01
3.230695961348016709e+01
3.270140519571616267e+01
3.309879811314090858e+01
3.349921909869560466e+01
3.390276708189455945e+01
3.430956560390880128e+01
3.471972515256656777e+01
3.513335339390464185e+01
3.555057698867447158e+01
3.597151804721863044e+01
3.639626669816672688e+01
3.682491288005773811e+01
3.725755323102184491e+01
3.769425285293432637e+01
3.813506888689636298e+01
3.858007824315123457e+01
3.902933573356990138e+01
3.948289257406144515e+01
3.994084066858489024e+01
4.040324709711263296e+01
4.087015137063374937e+01
4.134160768696287391e+01
4.181763333719251108e+01
4.229819967298028160e+01
4.278327702582163283e+01
4.327276776125079039e+01
4.376652237819732960e+01
4.426438234707391217e+01
4.476611544381142949e+01
4.527145707495021298e+01
4.578015897590729821e+01
4.629194445309226325e+01
4.680650199171057579e+01
4.732353705450354653e+01
4.784274599490240831e+01
4.836382939253453372e+01
4.888652533679260870e+01
4.941055937348104976e+01
4.993566251881141227e+01
5.046160619686744297e+01
5.098815111992125537e+01
5.151506310167473401e+01
5.204214589292803339e+01
5.256919139452984524e+01
5.309600532645523430e+01
5.362244050839687759e+01
5.414838567976076433e+01
5.467373044687337824e+01
5.519834163193062437e+01
5.572208519889919387e+01
5.624485346469931812e+01
5.676654805270919013e+01
5.728707794483589311e+01
5.780637582337767100e+01
5.832437840110888061e+01
5.884103311118630586e+01
5.935630202482855111e+01
5.987014873673614801e+01
6.038254415398028385e+01
6.089345890181817111e+01
6.140287413879065781e+01
6.191077913813586520e+01
6.241715139868141193e+01
6.292197807042844460e+01
6.342525494138162401e+01
6.392696004654608544e+01
6.442707159142861428e+01
6.492557549105524117e+01
6.542244740687203830e+01
6.591766568232196732e+01
6.641120610441784322e+01
6.690304233637807840e+01
6.739315360408259892e+01
6.788152858964180325e+01
6.836816435532654168e+01
6.885306593022423272e+01
6.933625391219240441e+01
6.981776296459798914e+01
7.029764530693358893e+01
7.077596313081041046e+01
7.125278466035406666e+01
7.172818173561898902e+01
7.220219652018940337e+01
7.267483365089390190e+01
7.314602770328070847e+01
7.361560056420663045e+01
7.408323219463491682e+01
7.454840286598398791e+01
7.501034511631389989e+01
7.546799563284146473e+01
7.591992693059174258e+01
7.636419879621205098e+01
7.679797948166738308e+01
7.721676705565280940e+01
7.761390776678452141e+01
